11 111-«1111111111

,1111 1111111111, 11 1111111111, 111 1111 111111 prin ,111111 ,1
1111111 11 1111111111111 11 1111111111, 1111 1111111 11 1111111111 propt«
1111 1111111111. 1111 111111 111 111111111111 11111111111 1111111111.1
1111111 11 111111 1111 11111111111 11 11111111 11111111111111ι 11 pugn 11. ot

11111111· 111111 11111 111111111 111 11111111111 111111111111 11111 [μ.
111 11111 1111111111, 11 1111111 11111111 111111 1111 1111111111 qm..

1111,1111111111111111,11111111111111111 111 11111, 11111111 111111

¹ 1111111111111 11 11111, 11 1111111 1111 11 11111111111 11 11 1111111111..

11111111111111111 1111111111 1111 11111111, 11 1111 111111111111111111111

11111111. 11111111, 1111111 11111111111111111111 11111111 11 11111111,
1111111 1111 11111111 111 111 11111111111111

Ι. 11111111, 1. 1. 111111 11111111 111 11111111111, 11111 111· 11111111

11111111 111111111 11111111 11111111 1111. Bt 1111111 11111 11111111

..1111111111 111111111, 1111 11111111 11111111 11111 11111111 11 111 1111111

’ 11111111111111111,1111 111111111111111. 11 11111111111 1111111111111,

1111 11111 1111111111,111111 111111 111, 11 111 11111 1111, 1111 1111111

ἶ s wama-‚ornis

ι s
w

11111 111111 11111111 1111111 11 11111, 11111111 lgm 1111111111111111

morl 1111111. 111111111 11 11111· 11111111, 11111111111 1111 11111111ι
11111111 11 1111111111 111111 11111111 11111111 11111111111111111. 111111 11
11111, 11 11111 1111111111 1111111, nge-do 111111111 11111111, 111111111111111
1111111111 11· 111111 1111111111 1111111111 11 111 111111111111111111111

11 11111 1111111111 11111111 11111 1111111 1111111111 11 11111111 11111111
11111111111111111111111111111111111111111111111111111111111111111111111
11111111 11111111 111 11 1111 11 11 11111 11111111111 11111111 11111111 11111

· 11111111111 11 111111111 11111 11 1111111 1111 111111111 11111111111111111111

1111111111 1111111111111111.

 

‘rmum 1111111.

m 111 1111111111 1111111 1111111111111111 11 111111 1111 11111

Μὴ ω11111111· ΡΙ 1111 W· 11111 111111111 11111111 11111111 1111 ἡ
¹¹ ”Mb 1111111111 111 ua·- 111 nuo 11111111, 1111111111
'mmo 1111 111 111 111111111 1111111111 1111111111111111111111 1111.
mmm-¹11¹. 11111111 - 111 11- ,ιρι-..1111111

Ι11111111111111Ν11111.111111111111111111,1111111111*
*1111111 ’1111111111 ’11111 1111111 'pm 1111111111]
hm ”numanum

