11 111 11111 1111 11 ι111111 111 1111111111, 11 1111111111111 1111111111· 11
1111111111 11111111 111 11111 11 11111111 111111, 1111 11111ι 11111111 111. 11
&eumdum 1111111111 1111 11111111 1ς11111111111111, 1111111111111111.

Quod 11111 111111 1111111111, 1111 111111111111 1111111 11111111.
1111· 11 11 111 mim 1111111111. 11111, 111111111. 111111, 111111 1111111·
1111 1111111111 1111 1111111111* 1111 11111111ι 11 111-11111111 11111111111
11 11111111 um 111· 1111 11 11111111 1111 111 1111111111 1111. 1111 1111
11 1111111111 orgo 111111111111111 1111 111111 11111 11 1111111111 111·
‚anu-tun. 1111111111Ι 1111111111 111111111Ιί1 111 11111111. 11 111 1111111111 ’
111111111111111111111, 1111 1111111111111 11111111 11111111 11111111
1111111111111111111111111111111111111 11 11 1111111111 11. 111 11 A
1111111111. 11 111111 - 11111, 11111111 11111111111111111111111111111
1111111111 111111111111 1111111111 11111111 1111 11111 1111111111 cup
1111111 11 1111111111 11111111. ··· 1111, 111111. 11111, 111111 111111111111111
1111111111 111111111111111 11111111111 1111111111111 111 11111 prino
1111111, 1111111 11111· 11 11111 111111111111, 11 111111 1111111 11111 1111111111
1111111111, 1111 111 11111 11111 11 1111111, 111, 11 111111 11111111111111111
11 11111111 11111111 11111, 111 1111111111 1111111 11111111 11 111111 om -
1111111 1 1111111111 111111, 11111111 1111111111. ·- 1111, pm 1111111111
11111111 1111111 1111 111 111 1111 11111 1111111111 1111111111
111111 1111 1111 111 111 111 111 11 11111111111111 1111 111 11 111-1111
11111111 1111 11 11111111. ·· 1111, 11111 ’ ’ ”
1111 1111 1111111 1111 111 1111111111 111 1111111111 1111111 11111111* 11
11111111 11 111111 1111111111111111 ’1 11111111 111 1111111 1111111 1111·
1111111 1111 11 1111111111· 111111 1111111 11 1111111111 orgo 1111 111·
11111111 11111111 1111 111. - 1111, 1111 11111111 1111111111 111 mm·

¹¹⁸⁴ 1111111 1111 111111 1111111111 1111 1111111111 11111111 amau
11111111. - 1111, 1111 11111111· 11 11 111 1111, 11 11111 111 111 11111111
w. 111 som· 1111111111 1111 11 1111, 1111 11111111ιῦ1 1111111111 pot-&m

Ι11111 ·ᾳ..1,.η1,11-11·111111111·1111111111111
ww& ’11111 ’111111111111111 munumina

 

 

