111 11111111 mmmmm

' 11111111111 11 1111111111111 11111 111111111111 11111111· 1111111 111
Ν11111111111111111 1111111111111 11, 11111111111111111 111· 11 1111111111
· 11111111111. 111 11111111 1111 11111111 11111111 111111111111111111111111111.

1111· 11 11. 111 11111111111111 111111111· 1111 11111111 111111 111 111111
1111111111. 1111 111111111 11 11 111 111111111111111 1111111111111 1111111
11 111111 [111111111111 - 11 1111 111 11 1111111 1111 difficili· 1111111111
11111 1111111ιά111
w 1111111111 1111111 1111111111 11 11111111 11111111Ιί1 11111111 1111111·
11111111 1111 111111111111111111 nii, 11111111 111111111111111 11111111 11
1111111 11111111111111. 11 111 111, 1111 1111111111111 11111111111111111111
11 11111 111111 1111111 1111 11 11111111 11111 11 111 1111111111 11111 1111·
11111 11 111111 111111 11111111111111111111 11111111 11111111 1111. 11
1111111111 1111111111111 11111 111 111 1111111 111111 1111 111 1111111 1111111.
111111 11111 11111 11111111 1111111 1111111 11111111 111111111111111 11111
1111 1111111111 1111111111 11 11111 1111 111111 1111111111111111111111111
1111111111 1111, 11 111 1111 11111 11111 11111111. 11 111 11111111111111 11
11111111 111111 11 11111· 11111111111111 11 11111111111 11 1111111111111
1111111 11111 111,1111111111111111111111111 1111111 111111111111111111111
1111111111 111, 11111 1111111111111111111 1111111 1111111 1 11111, 1111
11111111 11111 11111111 1111111111 11, 11 111 1111 1111 11 1111111 11
11111111 11 11. 11 11111· 111 1111111 1111. '
1111 111111111111111111111111 111111 111 1111111 111 11111111111111111
11111111 1111 11111· 11 1111111111111111111, i. 1. 11111, 1111111, 11 11111111
1111111111111111111111 1111 1111, 11 11111 1111111111111111111111111111111111
111 111111111111111111111111 11 111 11111111111111111111, 11 1111111111
111 1111111111 11111111 111 1111111 11111111111111111111111 1111111111
1 111 11111111 11 1111111111 11 1111. 11 1111111 111111 11111 11111111. -
111111 1111111· 11111111, 1111 1111111111111111111111111111111111111111111,
1111 11111111 11111 111111 11 11111111. 11111111 11111 1111111111

’ - 1111111 11 1111 11 1111 11111111 11 1111111111 111 1111· 1111111.

m 111111111 ini-iugatum 111 11111 1111111 11 1111, 1111 1111111 111
111 11111 11, 1 111 1111111 11 11 1111 1111111111, 11111 11111 11111 hmini-z
11 1111111111 111 1111111 1111.

11111111111111 1 1111111111111111111111 11111111] 11111 (i 1. 11111111

,111111111111 1111111111 111 11111111111 ef. 11. p. 1117 ⁸ 1111111·

’ 1111111111111 1111111111 11. ρ. m 1 1111 111 aaut 11 ρ. 111117

11111111 ··1111(1Ι.1.111,11)11. 111111111111 1111111 111 illiti·

111111111111111111111 adsummi· 11111111

mm 1111111111 ”annio 1111111111111111111111
1111111111 1. imi-m 1· 111111111ιῦ1

 

