1

m 11111111 confimat-h

,1111 1111111111, 11 1 1111111111, 111 1111 111111 11111 1111111 11
1111111 11 propinquior·- 11 1111111111, 111111111111111111111111 proptu
1111 ,1111111111 1111111111 111 111111111111 111111111111111111111,

‚ ’ 1111111 11 111111 1111 1111111111 11 11111111 1111111111111Ι 11 1111111 m 11

1111111111 11 1111 11111 111ιί1111 11 1 1111111111 1111111 11 111 11111 ¹8³⁸·
111 111111 1111111111, 11 1111111 11111111 111111 1111 11111111111 qim..

, 111111111111111 1111, 11111111 111111111 111 1111, 1111111 1111111

111111111111 11 11111, 11 11111 11 1111 1111111111111 11 11 1111111 111111
1111111111 1111111 1111111111 1111 11111111, 11 111 111 1111111111 11111 11
11111111 11111.

D· he 1111111, 11 11111 11111111111111111111111 1111 111111 111
11111111. a 111111, 11111111 11111111111111111111 11111111 81 11111111,
1111111 1111 11111111 11 111 1111111 1111111

Ι. 11111111, 11. 111111 11111111 111 1111111111, 11111 111Ι 11111111
11111111 1111111111 11111111 11111111 11111. 111 1111111 11111111111111

melum 111111111, 1111 11111111 11111111 11111 11111111 11 111 1111111
11111111 11111111,111111111111 1111111. B 111111111 11 intelligo-tin,
1111 11111 1111111111, 11 1111 111111 111, 11 111 11111 1111, 1111 1111111

¹: . Ι11111111111111111.

lt 111 111111 111111111 1111111 11 11111, 1111111 11111 1111111111111111

1111111 111111. Bt 1111111 11 11111· 11111111, 11111111111 1111 11111111·
11111111 11 1111111111 111111 11111111111111111 111111111111111111. :gudo 11
11111, 11 11111 1111111111 1111111, 111111 111111111 11·11111,111111111111111
11111111 11Ι 1111111 1111111111 11 11111111 11 111 1111111111 11 11111111

11 11111 1111111111 11111111 11111 111111 1111111111 11 11111111 11111111

111 11 1111 11 11111, 11111111 111111111111 111111111111111 1111111 11 11111111111
1111111111 11111111 111 11 1111 11 11 11111 11111111111 11111111 11111111 11111

’ 1111111111 11111111111 11111 111111111 1111 1111111111111111111111111111

1111111111 11111 1111111111

’111111111 1111111.

111 1111 1111111111 111 1111 11 11111111111111 11111111 11111111
’ΜΝ-Μ’· Pu 1111 11111· 11111 11111111 11111111 1111111111 .
'mm' 11111111, 1111 m ’11 nuo 1111111, 1111111111.

, ΜΨ· 1111 111 11111 1111111 11111111111 1111111111111111111111 1111.

1““1··111111111·.11111111-111 11- 111-11111111

0 ¹¹¹le ’111111 111111111111111111,1111111111*
⁸¹⁸0·- ’1111111111 um ’.1111 1111111111111]
Μ ”manaturum

 

