111 111111 &upum-stu.

1111111111 111111111111111111111111,11111111;1111111 iudum.
1111 111111111111, 11 1111, 111 11111111 1111 111 111111 1111111 11 111...
1111111, 1111111 11111 111 111 1111111. - 11111 11111 11111111111 1111111111 11..
11111 1111111 111 1111, 11 11111 111111 11111 11111111 1111111111 111111 11111
11111Ι 1111111111 111111, 11 11111 111111 111111111 1111 111111111111 111 ”
11111111 11 11111111. 111 111 111111111111 111111111 11111 11111111 11111

111111111111111111111111111111111111111111111111111ῃ1μῃη
111111, 111111 11111111111 11 11111 111111 11111 111 1 111111111111111, a

11111. 111 111 111111111 11111111, 111 1111111 111111, 111111 1111111111 11111
1111111 1111111 1Ι 111111 111111 11 111 11111 111111 11111111 1111111111111111

’ 1111111 111111, 111111 11111111 111111111 111111 1111 11 1111111 ,mm 11
’ 111111111111111111111111111111111111111111111111111 11111 111111111
111111111111111111111111111111111111111 1111111111 1111. - U 11111 111
111 1111111111 111 1111 111111 11111111111 1111111 1111111111111 111 11·
111111 111 1111111111 111111, 11111111111 111111 11111111111111 1111 1111
111111
111 t. 111111111111111111 111111· 1111111111 111111111111111 111 11·
1111111 11111111111111111111111111 111111 111 1111 1111 11 111111, 111
111111111111 1111111111111111 111111111 111111. Bt 111111111 11111111
111111Ι 11111 111,111111111111111111111111111·11111 111111111111111 1111
11 11111 111111111111 111111, 1111 111 1111111111111, 111111111 1111111
111111 1111 1111111111 11111111111 11111111111111 11 1111111 11111111111111.
11111111 1111111 11111 1111 11111111 1111111111111 111111111 11111111 111·
1111111 11111111111 1111111 111111111111 1111 111 11111111 11 11, 1111
111 1111111111 11111111 111111 111 111111111 111 111 1111111 111 1111.
11 111 111111111 11 11. 1111 11111 11111 111 1111111111111111 1111111111
‚ud 1111111 1111 111111 1111 111111111111111, 11111 1111111111111111
’ 11111111111111111111111111111111111111111,111111111111111111.
1111111111 11 11111. 01111111 1111 1111 1111111 111111 1111111111 11111111
11111111111111111, 11 11111 11111 111111 111 111 1111111

2 · Ι μ. 1. 1111 11111111, 1111 1111111111111111111111111111111111111·

1111111, 11111111 111 11 11111111 11111. 1111, 1111111 11111111111111

111111111111111111111111111111. 111111111111111111111111111
11111111111111111111111Ι1111111111111111111. 111111111111111111111·
1111111-111111111111111111111111111111111111111111111111111
11111 1111111111111111111111111111 1111111111111111111111111 111111·
11111111111111111111111111111111111111111. Minu. 1111111111·

· 1’11111011,ἾΙΙ11111111111111111111. 11111111111111111

111’111111111111111Μ’·ἷ,111111111111111111111111111111111ἑ

ητψαωη ‘implens 'uomens-⁸⁸· ’11

 

