11 111... mmm

- 1111, 11111 111111 111 111111 11111111, 1111111 11111111 11111111ι μ
111 1111111111 1111111111 111111 11111111111 1111111111 111 1111111111
11111111 1111111 111 11111 11111111 111 11111111 111 11111 1111111111. ,1
1111111111, 111 111111 11111 1111 11111 111111 11111111111111111111111111.
11 11 11 111111111 1111 1111 11111111 111111 1111111 11 1111111 111111, a
hw, 11 11111. -1111,1111111111111111111 11 1111111 111111111111111
111111111 11 1111111111111111111 111111111111 1111111111, qul· 11111 W
,1111111111 11111 11111111 111111111111111ς11111111111 111111111111
111 11, 11111111111111111111111111111111 1111 111111111111111111
111111111 11111.-1111·,11111111111111111111111111 111111,11 1111 ’
1111111111, 11 11 1111 1111111 111111111 11111 111111 11 1111111111111,
> 111 η. ninum tn· oh· 11 amm 1111111 mm 023· m·
. 1111111111111111111111111111111111111111111111111-1111μι111111
11111111111 1111111111 111 111111 1111 11 11111111,1111 111 1111111111111
111 1111111111 1111111111 1 11111111, 1111 1111 11111 111 11 111 quinum 111
1111 111 11111 11111111, 1111 1111111111111111111111 ”urbemn 11111111
«11111111111111111111111111111111111111111111111111111111111111 111 ’

· ’“ »mua-u.. mmmm;·d··½·¹¹··⁵·v¹‘¹‘“·····

1111111111 11 111111 1111111111 1111111111 111111 em 1111111 11111
1111111111. -· 1111, 111111 111111 11111 11111111 11111111 11111 1131 111111
1111111111 1111111111 1111111111 111 11 111111111111, 1111 11111111 1111
111111 111111111111 1111, 111 1111111111 1111111 111 111, 111111111111 111·

’ 111111111 111 11111111111111111111.-1111, 111111111 11 11111111 1111111·
- 1111 1111111111 11111111111111 11111 1111111111111111, 1111111
1111111111 1111 111 111111111 11 111 111 1111 1111111111 qm 111 11111, 1111
1111111111ιῆ1 11111111 11111111111 11 -1111, 11111111· 111 1111111111, 11
1111111111 1111111111 11 11111 11 11111 11111 111 1111 1111111111111111111

1111 11111111 1111111111 11 1111 - 1111, 1111 11 1111111111 11111111 111

. ι 11111111 11111111 11 11111111 1111111111 1111111111 11 111111111111111113
Ι 1111 111111111111111111111111111, 1111111111 11 111 1111111111 1111111111.
· 111111 W 111111111 1111111111111111111111111111111 1111111111111-
1111111111111111, 11111, 1111 111111111111111111 111 11111111 1111 11 1111111,
111111111111111111111111111111111111111111111111111111,1111111111
md 11111 111 11111, 11 11111111 1111111111 1111111111, 11 mm, ⁸⁸

ι inminutum 1111111111,111111111111111111111 11111111, 111 111 b

11111111 111 111111 11 111111 d 11111 11111 111111111111 111111111 111111
11111111 1111 111111111111111111111 111111111 111 11 111111111 111111·

11111111 1111111111 1111111111111 1111111111 1111 1111111111 11111111 11

’1111 Ι111111 111111 ’1111

 

